#version 330 core

const float kernel1[1]=float[](1.0);
const float kernel3[9]=float[](0.0625,0.125,0.0625,0.125,0.25,0.125,0.0625,0.125,0.0625);
const float kernel5[25]=float[](0.00390625,0.015625,0.0234375,0.015625,0.00390625,0.015625,0.0625,0.09375,0.0625,0.015625,0.0234375,0.09375,0.140625,0.09375,0.0234375,0.015625,0.0625,0.09375,0.0625,0.015625,0.00390625,0.015625,0.0234375,0.015625,0.00390625);
const float kernel7[49]=float[](0.0009765625,0.00341796875,0.0068359375,0.0087890625,0.0068359375,0.00341796875,0.0009765625,0.00341796875,0.011962890625,0.02392578125,0.03076171875,0.02392578125,0.011962890625,0.00341796875,0.0068359375,0.02392578125,0.0478515625,0.0615234375,0.0478515625,0.02392578125,0.0068359375,0.0087890625,0.03076171875,0.0615234375,0.0791015625,0.0615234375,0.03076171875,0.0087890625,0.0068359375,0.02392578125,0.0478515625,0.0615234375,0.0478515625,0.02392578125,0.0068359375,0.00341796875,0.011962890625,0.02392578125,0.03076171875,0.02392578125,0.011962890625,0.00341796875,0.0009765625,0.00341796875,0.0068359375,0.0087890625,0.0068359375,0.00341796875,0.0009765625);
const float kernel9[81]=float[](0.000244140625,0.00079345703125,0.0018310546875,0.00311279296875,0.003662109375,0.00311279296875,0.0018310546875,0.00079345703125,0.000244140625,0.00079345703125,0.0025787353515625,0.005950927734375,0.0101165771484375,0.01190185546875,0.0101165771484375,0.005950927734375,0.0025787353515625,0.00079345703125,0.0018310546875,0.005950927734375,0.01373291015625,0.023345947265625,0.0274658203125,0.023345947265625,0.01373291015625,0.005950927734375,0.0018310546875,0.00311279296875,0.0101165771484375,0.023345947265625,0.0396881103515625,0.04669189453125,0.0396881103515625,0.023345947265625,0.0101165771484375,0.00311279296875,0.003662109375,0.01190185546875,0.0274658203125,0.04669189453125,0.054931640625,0.04669189453125,0.0274658203125,0.01190185546875,0.003662109375,0.00311279296875,0.0101165771484375,0.023345947265625,0.0396881103515625,0.04669189453125,0.0396881103515625,0.023345947265625,0.0101165771484375,0.00311279296875,0.0018310546875,0.005950927734375,0.01373291015625,0.023345947265625,0.0274658203125,0.023345947265625,0.01373291015625,0.005950927734375,0.0018310546875,0.00079345703125,0.0025787353515625,0.005950927734375,0.0101165771484375,0.01190185546875,0.0101165771484375,0.005950927734375,0.0025787353515625,0.00079345703125,0.000244140625,0.00079345703125,0.0018310546875,0.00311279296875,0.003662109375,0.00311279296875,0.0018310546875,0.00079345703125,0.000244140625);
const float kernel11[121]=float[](7.765538510469285e-05,0.00023919542560869313,0.0005737999969226389,0.0010719995246253416,0.001559750104804665,0.0017674284184302266,0.001559750104804665,0.0010719995246253416,0.0005737999969226389,0.00023919542560869313,7.765538510469285e-05,0.00023919542560869313,0.0007367737801440158,0.0017674284184302262,0.003301990997783096,0.004804368552920993,0.00544406279370533,0.004804368552920993,0.003301990997783096,0.0017674284184302262,0.0007367737801440158,0.00023919542560869313,0.0005737999969226389,0.0017674284184302262,0.004239840366827612,0.007921064625483636,0.011525081024714627,0.013059627734625216,0.011525081024714627,0.007921064625483636,0.004239840366827612,0.0017674284184302262,0.0005737999969226389,0.0010719995246253416,0.003301990997783096,0.007921064625483636,0.014798496965119184,0.021531686033501918,0.02439859672078329,0.021531686033501918,0.014798496965119184,0.007921064625483636,0.003301990997783096,0.0010719995246253416,0.001559750104804665,0.004804368552920993,0.011525081024714627,0.021531686033501918,0.031328418320999925,0.035499748757471486,0.031328418320999925,0.021531686033501918,0.011525081024714627,0.004804368552920993,0.001559750104804665,0.0017674284184302266,0.00544406279370533,0.013059627734625216,0.02439859672078329,0.035499748757471486,0.0402264853887898,0.035499748757471486,0.02439859672078329,0.013059627734625216,0.00544406279370533,0.0017674284184302266,0.001559750104804665,0.004804368552920993,0.011525081024714627,0.021531686033501918,0.031328418320999925,0.035499748757471486,0.031328418320999925,0.021531686033501918,0.011525081024714627,0.004804368552920993,0.001559750104804665,0.0010719995246253416,0.003301990997783096,0.007921064625483636,0.014798496965119184,0.021531686033501918,0.02439859672078329,0.021531686033501918,0.014798496965119184,0.007921064625483636,0.003301990997783096,0.0010719995246253416,0.0005737999969226389,0.0017674284184302262,0.004239840366827612,0.007921064625483636,0.011525081024714627,0.013059627734625216,0.011525081024714627,0.007921064625483636,0.004239840366827612,0.0017674284184302262,0.0005737999969226389,0.00023919542560869313,0.0007367737801440158,0.0017674284184302262,0.003301990997783096,0.004804368552920993,0.00544406279370533,0.004804368552920993,0.003301990997783096,0.0017674284184302262,0.0007367737801440158,0.00023919542560869313,7.765538510469285e-05,0.00023919542560869313,0.0005737999969226389,0.0010719995246253416,0.001559750104804665,0.0017674284184302266,0.001559750104804665,0.0010719995246253416,0.0005737999969226389,0.00023919542560869313,7.765538510469285e-05);
const float kernel13[169]=float[](3.362698259707207e-05,9.510926044818354e-05,0.00022266935684181856,0.0004315199205631113,0.0006922197530148502,0.0009191573648779693,0.0010102724248241778,0.0009191573648779693,0.0006922197530148502,0.0004315199205631113,0.00022266935684181856,9.510926044818354e-05,3.362698259707207e-05,9.510926044818354e-05,0.0002690033635009534,0.0006297894196294027,0.0012204942978437188,0.0019578476476982245,0.0025997092351859315,0.002857415556059644,0.0025997092351859315,0.0019578476476982245,0.0012204942978437188,0.0006297894196294027,0.0002690033635009534,9.510926044818354e-05,0.00022266935684181856,0.0006297894196294027,0.0014744600510384852,0.0028574155560596435,0.0045837037787160835,0.006086427132823354,0.006689767968958695,0.006086427132823354,0.0045837037787160835,0.0028574155560596435,0.0014744600510384852,0.0006297894196294027,0.00022266935684181856,0.0004315199205631113,0.0012204942978437188,0.0028574155560596435,0.00553750076460941,0.008882944283534776,0.011795132433668771,0.012964370955638162,0.011795132433668771,0.008882944283534776,0.00553750076460941,0.0028574155560596435,0.0012204942978437188,0.0004315199205631113,0.0006922197530148502,0.0019578476476982245,0.0045837037787160835,0.008882944283534776,0.014249514807958472,0.01892108167186574,0.020796707714429232,0.01892108167186574,0.014249514807958472,0.008882944283534776,0.0045837037787160835,0.0019578476476982245,0.0006922197530148502,0.0009191573648779693,0.0025997092351859315,0.006086427132823354,0.011795132433668771,0.01892108167186574,0.02512417696028945,0.027614709025100624,0.02512417696028945,0.01892108167186574,0.011795132433668771,0.006086427132823354,0.0025997092351859315,0.0009191573648779693,0.0010102724248241778,0.002857415556059644,0.006689767968958695,0.012964370955638162,0.020796707714429232,0.027614709025100624,0.030352124797810225,0.027614709025100624,0.020796707714429232,0.012964370955638162,0.006689767968958695,0.002857415556059644,0.0010102724248241778,0.0009191573648779693,0.0025997092351859315,0.006086427132823354,0.011795132433668771,0.01892108167186574,0.02512417696028945,0.027614709025100624,0.02512417696028945,0.01892108167186574,0.011795132433668771,0.006086427132823354,0.0025997092351859315,0.0009191573648779693,0.0006922197530148502,0.0019578476476982245,0.0045837037787160835,0.008882944283534776,0.014249514807958472,0.01892108167186574,0.020796707714429232,0.01892108167186574,0.014249514807958472,0.008882944283534776,0.0045837037787160835,0.0019578476476982245,0.0006922197530148502,0.0004315199205631113,0.0012204942978437188,0.0028574155560596435,0.00553750076460941,0.008882944283534776,0.011795132433668771,0.012964370955638162,0.011795132433668771,0.008882944283534776,0.00553750076460941,0.0028574155560596435,0.0012204942978437188,0.0004315199205631113,0.00022266935684181856,0.0006297894196294027,0.0014744600510384852,0.0028574155560596435,0.0045837037787160835,0.006086427132823354,0.006689767968958695,0.006086427132823354,0.0045837037787160835,0.0028574155560596435,0.0014744600510384852,0.0006297894196294027,0.00022266935684181856,9.510926044818354e-05,0.0002690033635009534,0.0006297894196294027,0.0012204942978437188,0.0019578476476982245,0.0025997092351859315,0.002857415556059644,0.0025997092351859315,0.0019578476476982245,0.0012204942978437188,0.0006297894196294027,0.0002690033635009534,9.510926044818354e-05,3.362698259707207e-05,9.510926044818354e-05,0.00022266935684181856,0.0004315199205631113,0.0006922197530148502,0.0009191573648779693,0.0010102724248241778,0.0009191573648779693,0.0006922197530148502,0.0004315199205631113,0.00022266935684181856,9.510926044818354e-05,3.362698259707207e-05);
const float kernel15[225]=float[](1.686952977874248e-05,4.412592527707509e-05,9.954969352894249e-05,0.00019370520186420676,0.0003250857210419367,0.0004705543133193453,0.0005874580745098346,0.0006325563945537594,0.0005874580745098346,0.0004705543133193453,0.0003250857210419367,0.00019370520186420676,9.954969352894249e-05,4.412592527707509e-05,1.686952977874248e-05,4.412592527707509e-05,0.00011542095761386175,0.0002603938814909453,0.0005066780980470158,0.0008503324291478791,0.0012308371804470423,0.001536624401463768,0.0016545888691448692,0.001536624401463768,0.0012308371804470423,0.0008503324291478791,0.0005066780980470158,0.0002603938814909453,0.00011542095761386175,4.412592527707509e-05,9.954969352894249e-05,0.0002603938814909453,0.0005874580745098347,0.001143084231360311,0.0019183809107198775,0.0027768134793354454,0.0034666805800508877,0.0037328127128326907,0.0034666805800508877,0.0027768134793354454,0.0019183809107198775,0.001143084231360311,0.0005874580745098347,0.0002603938814909453,9.954969352894249e-05,0.00019370520186420676,0.0005066780980470158,0.001143084231360311,0.0022242294670557264,0.00373281271283269,0.005403162947935563,0.0067455161111294685,0.007263359779709557,0.0067455161111294685,0.005403162947935563,0.00373281271283269,0.0022242294670557264,0.001143084231360311,0.0005066780980470158,0.00019370520186420676,0.0003250857210419367,0.0008503324291478791,0.0019183809107198775,0.00373281271283269,0.0062645922803684535,0.009067857269357497,0.011320661229964248,0.012189732275900195,0.011320661229964248,0.009067857269357497,0.0062645922803684535,0.00373281271283269,0.0019183809107198775,0.0008503324291478791,0.0003250857210419367,0.0004705543133193453,0.0012308371804470423,0.0027768134793354454,0.005403162947935563,0.009067857269357497,0.013125520668777419,0.016386404036182106,0.01764436494549365,0.016386404036182106,0.013125520668777419,0.009067857269357497,0.005403162947935563,0.0027768134793354454,0.0012308371804470423,0.0004705543133193453,0.0005874580745098346,0.001536624401463768,0.0034666805800508877,0.0067455161111294685,0.011320661229964248,0.016386404036182106,0.02045741605327235,0.02202790275942921,0.02045741605327235,0.016386404036182106,0.011320661229964248,0.0067455161111294685,0.0034666805800508877,0.001536624401463768,0.0005874580745098346,0.0006325563945537594,0.0016545888691448692,0.0037328127128326907,0.007263359779709557,0.012189732275900195,0.01764436494549365,0.02202790275942921,0.023718953494190304,0.02202790275942921,0.01764436494549365,0.012189732275900195,0.007263359779709557,0.0037328127128326907,0.0016545888691448692,0.0006325563945537594,0.0005874580745098346,0.001536624401463768,0.0034666805800508877,0.0067455161111294685,0.011320661229964248,0.016386404036182106,0.02045741605327235,0.02202790275942921,0.02045741605327235,0.016386404036182106,0.011320661229964248,0.0067455161111294685,0.0034666805800508877,0.001536624401463768,0.0005874580745098346,0.0004705543133193453,0.0012308371804470423,0.0027768134793354454,0.005403162947935563,0.009067857269357497,0.013125520668777419,0.016386404036182106,0.01764436494549365,0.016386404036182106,0.013125520668777419,0.009067857269357497,0.005403162947935563,0.0027768134793354454,0.0012308371804470423,0.0004705543133193453,0.0003250857210419367,0.0008503324291478791,0.0019183809107198775,0.00373281271283269,0.0062645922803684535,0.009067857269357497,0.011320661229964248,0.012189732275900195,0.011320661229964248,0.009067857269357497,0.0062645922803684535,0.00373281271283269,0.0019183809107198775,0.0008503324291478791,0.0003250857210419367,0.00019370520186420676,0.0005066780980470158,0.001143084231360311,0.0022242294670557264,0.00373281271283269,0.005403162947935563,0.0067455161111294685,0.007263359779709557,0.0067455161111294685,0.005403162947935563,0.00373281271283269,0.0022242294670557264,0.001143084231360311,0.0005066780980470158,0.00019370520186420676,9.954969352894249e-05,0.0002603938814909453,0.0005874580745098347,0.001143084231360311,0.0019183809107198775,0.0027768134793354454,0.0034666805800508877,0.0037328127128326907,0.0034666805800508877,0.0027768134793354454,0.0019183809107198775,0.001143084231360311,0.0005874580745098347,0.0002603938814909453,9.954969352894249e-05,4.412592527707509e-05,0.00011542095761386175,0.0002603938814909453,0.0005066780980470158,0.0008503324291478791,0.0012308371804470423,0.001536624401463768,0.0016545888691448692,0.001536624401463768,0.0012308371804470423,0.0008503324291478791,0.0005066780980470158,0.0002603938814909453,0.00011542095761386175,4.412592527707509e-05,1.686952977874248e-05,4.412592527707509e-05,9.954969352894249e-05,0.00019370520186420676,0.0003250857210419367,0.0004705543133193453,0.0005874580745098346,0.0006325563945537594,0.0005874580745098346,0.0004705543133193453,0.0003250857210419367,0.00019370520186420676,9.954969352894249e-05,4.412592527707509e-05,1.686952977874248e-05);
const float kernel17[289]=float[](9.437407289393551e-06,2.3022609906054684e-05,4.986733552996237e-05,9.590417759836376e-05,0.00016376407612818392,0.000248290158607872,0.00033424131000826937,0.00039950341504937817,0.00042397536222480613,0.00039950341504937817,0.00033424131000826937,0.000248290158607872,0.00016376407612818392,9.590417759836376e-05,4.986733552996237e-05,2.3022609906054684e-05,9.437407289393551e-06,2.3022609906054684e-05,5.6163790608260145e-05,0.00012165165471357336,0.00023395879837565022,0.00039950341504937833,0.0006057052842856391,0.0008153836174324492,0.0009745909017994211,0.0010342903590957755,0.0009745909017994211,0.0008153836174324492,0.0006057052842856391,0.00039950341504937833,0.00023395879837565022,0.00012165165471357336,5.6163790608260145e-05,2.3022609906054684e-05,4.986733552996237e-05,0.00012165165471357336,0.0002634993994221952,0.0005067584407846437,0.0008653306868737703,0.0013119671821308,0.0017661337529523546,0.0021109792374885794,0.0022402892019149426,0.0021109792374885794,0.0017661337529523546,0.0013119671821308,0.0008653306868737703,0.0005067584407846437,0.0002634993994221952,0.00012165165471357336,4.986733552996237e-05,9.590417759836376e-05,0.00023395879837565022,0.0005067584407846437,0.0009745909017994217,0.001664192140873318,0.002523157339390979,0.0033966042762368365,0.004059806395248886,0.00430849355011267,0.004059806395248886,0.0033966042762368365,0.002523157339390979,0.001664192140873318,0.0009745909017994217,0.0005067584407846437,0.00023395879837565022,9.590417759836376e-05,0.00016376407612818392,0.00039950341504937833,0.0008653306868737703,0.001664192140873318,0.0028417415724187726,0.00430849355011267,0.005799974257643333,0.0069324450740983114,0.007357098339274833,0.0069324450740983114,0.005799974257643333,0.00430849355011267,0.0028417415724187726,0.001664192140873318,0.0008653306868737703,0.00039950341504937833,0.00016376407612818392,0.000248290158607872,0.0006057052842856391,0.0013119671821308,0.002523157339390979,0.00430849355011267,0.006532302884798325,0.008793604570666887,0.010510595044305942,0.011154431159385905,0.010510595044305942,0.008793604570666887,0.006532302884798325,0.00430849355011267,0.002523157339390979,0.0013119671821308,0.0006057052842856391,0.000248290158607872,0.00033424131000826937,0.0008153836174324492,0.0017661337529523546,0.0033966042762368365,0.005799974257643333,0.008793604570666887,0.011837706044709977,0.014149070894603958,0.015015785176561564,0.014149070894603958,0.011837706044709977,0.008793604570666887,0.005799974257643333,0.0033966042762368365,0.0017661337529523546,0.0008153836174324492,0.00033424131000826937,0.00039950341504937817,0.0009745909017994211,0.0021109792374885794,0.004059806395248886,0.0069324450740983114,0.010510595044305942,0.014149070894603958,0.016911740030070465,0.01794768413735501,0.016911740030070465,0.014149070894603958,0.010510595044305942,0.0069324450740983114,0.004059806395248886,0.0021109792374885794,0.0009745909017994211,0.00039950341504937817,0.00042397536222480613,0.0010342903590957755,0.0022402892019149426,0.00430849355011267,0.007357098339274833,0.011154431159385905,0.015015785176561564,0.01794768413735501,0.019047085948667015,0.01794768413735501,0.015015785176561564,0.011154431159385905,0.007357098339274833,0.00430849355011267,0.0022402892019149426,0.0010342903590957755,0.00042397536222480613,0.00039950341504937817,0.0009745909017994211,0.0021109792374885794,0.004059806395248886,0.0069324450740983114,0.010510595044305942,0.014149070894603958,0.016911740030070465,0.01794768413735501,0.016911740030070465,0.014149070894603958,0.010510595044305942,0.0069324450740983114,0.004059806395248886,0.0021109792374885794,0.0009745909017994211,0.00039950341504937817,0.00033424131000826937,0.0008153836174324492,0.0017661337529523546,0.0033966042762368365,0.005799974257643333,0.008793604570666887,0.011837706044709977,0.014149070894603958,0.015015785176561564,0.014149070894603958,0.011837706044709977,0.008793604570666887,0.005799974257643333,0.0033966042762368365,0.0017661337529523546,0.0008153836174324492,0.00033424131000826937,0.000248290158607872,0.0006057052842856391,0.0013119671821308,0.002523157339390979,0.00430849355011267,0.006532302884798325,0.008793604570666887,0.010510595044305942,0.011154431159385905,0.010510595044305942,0.008793604570666887,0.006532302884798325,0.00430849355011267,0.002523157339390979,0.0013119671821308,0.0006057052842856391,0.000248290158607872,0.00016376407612818392,0.00039950341504937833,0.0008653306868737703,0.001664192140873318,0.0028417415724187726,0.00430849355011267,0.005799974257643333,0.0069324450740983114,0.007357098339274833,0.0069324450740983114,0.005799974257643333,0.00430849355011267,0.0028417415724187726,0.001664192140873318,0.0008653306868737703,0.00039950341504937833,0.00016376407612818392,9.590417759836376e-05,0.00023395879837565022,0.0005067584407846437,0.0009745909017994217,0.001664192140873318,0.002523157339390979,0.0033966042762368365,0.004059806395248886,0.00430849355011267,0.004059806395248886,0.0033966042762368365,0.002523157339390979,0.001664192140873318,0.0009745909017994217,0.0005067584407846437,0.00023395879837565022,9.590417759836376e-05,4.986733552996237e-05,0.00012165165471357336,0.0002634993994221952,0.0005067584407846437,0.0008653306868737703,0.0013119671821308,0.0017661337529523546,0.0021109792374885794,0.0022402892019149426,0.0021109792374885794,0.0017661337529523546,0.0013119671821308,0.0008653306868737703,0.0005067584407846437,0.0002634993994221952,0.00012165165471357336,4.986733552996237e-05,2.3022609906054684e-05,5.6163790608260145e-05,0.00012165165471357336,0.00023395879837565022,0.00039950341504937833,0.0006057052842856391,0.0008153836174324492,0.0009745909017994211,0.0010342903590957755,0.0009745909017994211,0.0008153836174324492,0.0006057052842856391,0.00039950341504937833,0.00023395879837565022,0.00012165165471357336,5.6163790608260145e-05,2.3022609906054684e-05,9.437407289393551e-06,2.3022609906054684e-05,4.986733552996237e-05,9.590417759836376e-05,0.00016376407612818392,0.000248290158607872,0.00033424131000826937,0.00039950341504937817,0.00042397536222480613,0.00039950341504937817,0.00033424131000826937,0.000248290158607872,0.00016376407612818392,9.590417759836376e-05,4.986733552996237e-05,2.3022609906054684e-05,9.437407289393551e-06);
const float kernel19[361]=float[](5.736980249827806e-06,1.315775222869524e-05,2.7369602042146295e-05,5.163494169867689e-05,8.835015763883022e-05,0.00013710692666572827,0.00019297448595042066,0.00024633652971084056,0.00028519780239355026,0.00029946906039172126,0.00028519780239355026,0.00024633652971084056,0.00019297448595042066,0.00013710692666572827,8.835015763883022e-05,5.163494169867689e-05,2.7369602042146295e-05,1.315775222869524e-05,5.736980249827806e-06,1.315775222869524e-05,3.017727727351526e-05,6.277212515754454e-05,0.0001184246310129282,0.00020263090213928938,0.00031445445013684477,0.00044258658074893605,0.0005649723167356465,0.0006541005645217887,0.0006868316649534758,0.0006541005645217887,0.0005649723167356465,0.00044258658074893605,0.00031445445013684477,0.00020263090213928938,0.0001184246310129282,6.277212515754454e-05,3.017727727351526e-05,1.315775222869524e-05,2.7369602042146295e-05,6.277212515754454e-05,0.00013057306863971556,0.0002463365297108404,0.0004214950286796357,0.0006541005645217885,0.0009206297833968125,0.001175205856222255,0.0013606026193031492,0.001428686983383444,0.0013606026193031492,0.001175205856222255,0.0009206297833968125,0.0006541005645217885,0.0004214950286796357,0.0002463365297108404,0.00013057306863971556,6.277212515754454e-05,2.7369602042146295e-05,5.163494169867689e-05,0.0001184246310129282,0.0002463365297108404,0.0004647335511231341,0.0007951840585274521,0.0012340129923023766,0.001736841665383315,0.002217119773116774,0.0025668855840359117,0.0026953321783438587,0.0025668855840359117,0.002217119773116774,0.001736841665383315,0.0012340129923023766,0.0007951840585274521,0.0004647335511231341,0.0002463365297108404,0.0001184246310129282,5.163494169867689e-05,8.835015763883022e-05,0.00020263090213928938,0.0004214950286796357,0.0007951840585274521,0.0013606026193031494,0.0021114624866725327,0.002971829344279793,0.0037936109737885856,0.004392079055958822,0.004611858075396908,0.004392079055958822,0.0037936109737885856,0.002971829344279793,0.0021114624866725327,0.0013606026193031494,0.0007951840585274521,0.0004214950286796357,0.00020263090213928938,8.835015763883022e-05,0.00013710692666572827,0.00031445445013684477,0.0006541005645217885,0.0012340129923023766,0.0021114624866725327,0.0032766906144196016,0.004611858075396908,0.0058871467293560836,0.006815884398272596,0.007156950296807221,0.006815884398272596,0.0058871467293560836,0.004611858075396908,0.0032766906144196016,0.0021114624866725327,0.0012340129923023766,0.0006541005645217885,0.00031445445013684477,0.00013710692666572827,0.00019297448595042066,0.00044258658074893605,0.0009206297833968125,0.001736841665383315,0.002971829344279793,0.004611858075396908,0.006491072063381571,0.008286008164868056,0.009593182635191554,0.010073224147648484,0.009593182635191554,0.008286008164868056,0.006491072063381571,0.004611858075396908,0.002971829344279793,0.001736841665383315,0.0009206297833968125,0.00044258658074893605,0.00019297448595042066,0.00024633652971084056,0.0005649723167356465,0.001175205856222255,0.002217119773116774,0.0037936109737885856,0.0058871467293560836,0.008286008164868056,0.010577286870004683,0.01224592623007442,0.012858710659650073,0.01224592623007442,0.010577286870004683,0.008286008164868056,0.0058871467293560836,0.0037936109737885856,0.002217119773116774,0.001175205856222255,0.0005649723167356465,0.00024633652971084056,0.00028519780239355026,0.0006541005645217887,0.0013606026193031492,0.0025668855840359117,0.004392079055958822,0.006815884398272596,0.009593182635191554,0.01224592623007442,0.014177804863900634,0.014887260229132527,0.014177804863900634,0.01224592623007442,0.009593182635191554,0.006815884398272596,0.004392079055958822,0.0025668855840359117,0.0013606026193031492,0.0006541005645217887,0.00028519780239355026,0.00029946906039172126,0.0006868316649534758,0.001428686983383444,0.0026953321783438587,0.004611858075396908,0.007156950296807221,0.010073224147648484,0.012858710659650073,0.014887260229132527,0.015632216641253412,0.014887260229132527,0.012858710659650073,0.010073224147648484,0.007156950296807221,0.004611858075396908,0.0026953321783438587,0.001428686983383444,0.0006868316649534758,0.00029946906039172126,0.00028519780239355026,0.0006541005645217887,0.0013606026193031492,0.0025668855840359117,0.004392079055958822,0.006815884398272596,0.009593182635191554,0.01224592623007442,0.014177804863900634,0.014887260229132527,0.014177804863900634,0.01224592623007442,0.009593182635191554,0.006815884398272596,0.004392079055958822,0.0025668855840359117,0.0013606026193031492,0.0006541005645217887,0.00028519780239355026,0.00024633652971084056,0.0005649723167356465,0.001175205856222255,0.002217119773116774,0.0037936109737885856,0.0058871467293560836,0.008286008164868056,0.010577286870004683,0.01224592623007442,0.012858710659650073,0.01224592623007442,0.010577286870004683,0.008286008164868056,0.0058871467293560836,0.0037936109737885856,0.002217119773116774,0.001175205856222255,0.0005649723167356465,0.00024633652971084056,0.00019297448595042066,0.00044258658074893605,0.0009206297833968125,0.001736841665383315,0.002971829344279793,0.004611858075396908,0.006491072063381571,0.008286008164868056,0.009593182635191554,0.010073224147648484,0.009593182635191554,0.008286008164868056,0.006491072063381571,0.004611858075396908,0.002971829344279793,0.001736841665383315,0.0009206297833968125,0.00044258658074893605,0.00019297448595042066,0.00013710692666572827,0.00031445445013684477,0.0006541005645217885,0.0012340129923023766,0.0021114624866725327,0.0032766906144196016,0.004611858075396908,0.0058871467293560836,0.006815884398272596,0.007156950296807221,0.006815884398272596,0.0058871467293560836,0.004611858075396908,0.0032766906144196016,0.0021114624866725327,0.0012340129923023766,0.0006541005645217885,0.00031445445013684477,0.00013710692666572827,8.835015763883022e-05,0.00020263090213928938,0.0004214950286796357,0.0007951840585274521,0.0013606026193031494,0.0021114624866725327,0.002971829344279793,0.0037936109737885856,0.004392079055958822,0.004611858075396908,0.004392079055958822,0.0037936109737885856,0.002971829344279793,0.0021114624866725327,0.0013606026193031494,0.0007951840585274521,0.0004214950286796357,0.00020263090213928938,8.835015763883022e-05,5.163494169867689e-05,0.0001184246310129282,0.0002463365297108404,0.0004647335511231341,0.0007951840585274521,0.0012340129923023766,0.001736841665383315,0.002217119773116774,0.0025668855840359117,0.0026953321783438587,0.0025668855840359117,0.002217119773116774,0.001736841665383315,0.0012340129923023766,0.0007951840585274521,0.0004647335511231341,0.0002463365297108404,0.0001184246310129282,5.163494169867689e-05,2.7369602042146295e-05,6.277212515754454e-05,0.00013057306863971556,0.0002463365297108404,0.0004214950286796357,0.0006541005645217885,0.0009206297833968125,0.001175205856222255,0.0013606026193031492,0.001428686983383444,0.0013606026193031492,0.001175205856222255,0.0009206297833968125,0.0006541005645217885,0.0004214950286796357,0.0002463365297108404,0.00013057306863971556,6.277212515754454e-05,2.7369602042146295e-05,1.315775222869524e-05,3.017727727351526e-05,6.277212515754454e-05,0.0001184246310129282,0.00020263090213928938,0.00031445445013684477,0.00044258658074893605,0.0005649723167356465,0.0006541005645217887,0.0006868316649534758,0.0006541005645217887,0.0005649723167356465,0.00044258658074893605,0.00031445445013684477,0.00020263090213928938,0.0001184246310129282,6.277212515754454e-05,3.017727727351526e-05,1.315775222869524e-05,5.736980249827806e-06,1.315775222869524e-05,2.7369602042146295e-05,5.163494169867689e-05,8.835015763883022e-05,0.00013710692666572827,0.00019297448595042066,0.00024633652971084056,0.00028519780239355026,0.00029946906039172126,0.00028519780239355026,0.00024633652971084056,0.00019297448595042066,0.00013710692666572827,8.835015763883022e-05,5.163494169867689e-05,2.7369602042146295e-05,1.315775222869524e-05,5.736980249827806e-06);
const float kernel21[441]=float[](3.7212898961849027e-06,8.08152472686297e-06,1.617485877966439e-05,2.983562077005327e-05,5.0719743474050574e-05,7.94632653866538e-05,0.0001147369116843963,0.00015268180787586557,0.0001872487040491382,0.00021163999216157426,0.000220457075616344,0.00021163999216157426,0.0001872487040491382,0.00015268180787586557,0.0001147369116843963,7.94632653866538e-05,5.0719743474050574e-05,2.983562077005327e-05,1.617485877966439e-05,8.08152472686297e-06,3.7212898961849027e-06,8.08152472686297e-06,1.7550646075129756e-05,3.512693846168423e-05,6.479401329138247e-05,0.00011014805953331182,0.00017257036189464564,0.0002491741344343973,0.00033157905998023836,0.00040664798337736554,0.00045961854022723053,0.00047876659908488304,0.00045961854022723053,0.00040664798337736554,0.00033157905998023836,0.0002491741344343973,0.00017257036189464564,0.00011014805953331182,6.479401329138247e-05,3.512693846168423e-05,1.7550646075129756e-05,8.08152472686297e-06,1.617485877966439e-05,3.512693846168423e-05,7.030520702251857e-05,0.00012968270842161087,0.00022045707561634415,0.00034539289645717366,0.0004987123806754673,0.0006636426479828505,0.0008138901910799942,0.0009199087093032669,0.0009582328075885486,0.0009199087093032669,0.0008138901910799942,0.0006636426479828505,0.0004987123806754673,0.00034539289645717366,0.00022045707561634415,0.00012968270842161087,7.030520702251857e-05,3.512693846168423e-05,1.617485877966439e-05,2.983562077005327e-05,6.479401329138247e-05,0.00012968270842161087,0.00023920852488462074,0.00040664798337736565,0.0006371005531326392,0.0009199087093032669,0.0012241337400079062,0.0015012754930545825,0.0016968338189355691,0.0017675252097149104,0.0016968338189355691,0.0015012754930545825,0.0012241337400079062,0.0009199087093032669,0.0006371005531326392,0.00040664798337736565,0.00023920852488462074,0.00012968270842161087,6.479401329138247e-05,2.983562077005327e-05,5.0719743474050574e-05,0.00011014805953331182,0.00022045707561634415,0.00040664798337736565,0.0006912905067435989,0.0010830536046529022,0.0015638197748591158,0.0020809940490143946,0.002552127488094201,0.0028845713208987137,0.003004744761692372,0.0028845713208987137,0.002552127488094201,0.0020809940490143946,0.0015638197748591158,0.0010830536046529022,0.0006912905067435989,0.00040664798337736565,0.00022045707561634415,0.00011014805953331182,5.0719743474050574e-05,7.94632653866538e-05,0.00017257036189464564,0.00034539289645717366,0.0006371005531326392,0.0010830536046529022,0.001696833818935568,0.002450056275424671,0.0032603197701400344,0.00399845050460007,0.004519294473888222,0.004707571727756816,0.004519294473888222,0.00399845050460007,0.0032603197701400344,0.002450056275424671,0.001696833818935568,0.0010830536046529022,0.0006371005531326392,0.00034539289645717366,0.00017257036189464564,7.94632653866538e-05,0.0001147369116843963,0.0002491741344343973,0.0004987123806754673,0.0009199087093032669,0.0015638197748591158,0.002450056275424671,0.0035376332589324394,0.004707571727756818,0.005773357792288516,0.0065254037623953785,0.006797257058936724,0.0065254037623953785,0.005773357792288516,0.004707571727756818,0.0035376332589324394,0.002450056275424671,0.0015638197748591158,0.0009199087093032669,0.0004987123806754673,0.0002491741344343973,0.0001147369116843963,0.00015268180787586557,0.00033157905998023836,0.0006636426479828505,0.0012241337400079062,0.0020809940490143946,0.0032603197701400344,0.004707571727756818,0.006264423118484295,0.007682677634426035,0.008683434379888362,0.009045192877512202,0.008683434379888362,0.007682677634426035,0.006264423118484295,0.004707571727756818,0.0032603197701400344,0.0020809940490143946,0.0012241337400079062,0.0006636426479828505,0.00033157905998023836,0.00015268180787586557,0.0001872487040491382,0.00040664798337736554,0.0008138901910799942,0.0015012754930545825,0.002552127488094201,0.00399845050460007,0.005773357792288516,0.007682677634426035,0.009422022509997859,0.01064934884483277,0.011093008838130077,0.01064934884483277,0.009422022509997859,0.007682677634426035,0.005773357792288516,0.00399845050460007,0.002552127488094201,0.0015012754930545825,0.0008138901910799942,0.00040664798337736554,0.0001872487040491382,0.00021163999216157426,0.00045961854022723053,0.0009199087093032669,0.0016968338189355691,0.0028845713208987137,0.004519294473888222,0.0065254037623953785,0.008683434379888362,0.01064934884483277,0.01203654849036938,0.01253800027867765,0.01203654849036938,0.01064934884483277,0.008683434379888362,0.0065254037623953785,0.004519294473888222,0.0028845713208987137,0.0016968338189355691,0.0009199087093032669,0.00045961854022723053,0.00021163999216157426,0.000220457075616344,0.00047876659908488304,0.0009582328075885486,0.0017675252097149104,0.003004744761692372,0.004707571727756816,0.006797257058936724,0.009045192877512202,0.011093008838130077,0.01253800027867765,0.01306034293085763,0.01253800027867765,0.011093008838130077,0.009045192877512202,0.006797257058936724,0.004707571727756816,0.003004744761692372,0.0017675252097149104,0.0009582328075885486,0.00047876659908488304,0.000220457075616344,0.00021163999216157426,0.00045961854022723053,0.0009199087093032669,0.0016968338189355691,0.0028845713208987137,0.004519294473888222,0.0065254037623953785,0.008683434379888362,0.01064934884483277,0.01203654849036938,0.01253800027867765,0.01203654849036938,0.01064934884483277,0.008683434379888362,0.0065254037623953785,0.004519294473888222,0.0028845713208987137,0.0016968338189355691,0.0009199087093032669,0.00045961854022723053,0.00021163999216157426,0.0001872487040491382,0.00040664798337736554,0.0008138901910799942,0.0015012754930545825,0.002552127488094201,0.00399845050460007,0.005773357792288516,0.007682677634426035,0.009422022509997859,0.01064934884483277,0.011093008838130077,0.01064934884483277,0.009422022509997859,0.007682677634426035,0.005773357792288516,0.00399845050460007,0.002552127488094201,0.0015012754930545825,0.0008138901910799942,0.00040664798337736554,0.0001872487040491382,0.00015268180787586557,0.00033157905998023836,0.0006636426479828505,0.0012241337400079062,0.0020809940490143946,0.0032603197701400344,0.004707571727756818,0.006264423118484295,0.007682677634426035,0.008683434379888362,0.009045192877512202,0.008683434379888362,0.007682677634426035,0.006264423118484295,0.004707571727756818,0.0032603197701400344,0.0020809940490143946,0.0012241337400079062,0.0006636426479828505,0.00033157905998023836,0.00015268180787586557,0.0001147369116843963,0.0002491741344343973,0.0004987123806754673,0.0009199087093032669,0.0015638197748591158,0.002450056275424671,0.0035376332589324394,0.004707571727756818,0.005773357792288516,0.0065254037623953785,0.006797257058936724,0.0065254037623953785,0.005773357792288516,0.004707571727756818,0.0035376332589324394,0.002450056275424671,0.0015638197748591158,0.0009199087093032669,0.0004987123806754673,0.0002491741344343973,0.0001147369116843963,7.94632653866538e-05,0.00017257036189464564,0.00034539289645717366,0.0006371005531326392,0.0010830536046529022,0.001696833818935568,0.002450056275424671,0.0032603197701400344,0.00399845050460007,0.004519294473888222,0.004707571727756816,0.004519294473888222,0.00399845050460007,0.0032603197701400344,0.002450056275424671,0.001696833818935568,0.0010830536046529022,0.0006371005531326392,0.00034539289645717366,0.00017257036189464564,7.94632653866538e-05,5.0719743474050574e-05,0.00011014805953331182,0.00022045707561634415,0.00040664798337736565,0.0006912905067435989,0.0010830536046529022,0.0015638197748591158,0.0020809940490143946,0.002552127488094201,0.0028845713208987137,0.003004744761692372,0.0028845713208987137,0.002552127488094201,0.0020809940490143946,0.0015638197748591158,0.0010830536046529022,0.0006912905067435989,0.00040664798337736565,0.00022045707561634415,0.00011014805953331182,5.0719743474050574e-05,2.983562077005327e-05,6.479401329138247e-05,0.00012968270842161087,0.00023920852488462074,0.00040664798337736565,0.0006371005531326392,0.0009199087093032669,0.0012241337400079062,0.0015012754930545825,0.0016968338189355691,0.0017675252097149104,0.0016968338189355691,0.0015012754930545825,0.0012241337400079062,0.0009199087093032669,0.0006371005531326392,0.00040664798337736565,0.00023920852488462074,0.00012968270842161087,6.479401329138247e-05,2.983562077005327e-05,1.617485877966439e-05,3.512693846168423e-05,7.030520702251857e-05,0.00012968270842161087,0.00022045707561634415,0.00034539289645717366,0.0004987123806754673,0.0006636426479828505,0.0008138901910799942,0.0009199087093032669,0.0009582328075885486,0.0009199087093032669,0.0008138901910799942,0.0006636426479828505,0.0004987123806754673,0.00034539289645717366,0.00022045707561634415,0.00012968270842161087,7.030520702251857e-05,3.512693846168423e-05,1.617485877966439e-05,8.08152472686297e-06,1.7550646075129756e-05,3.512693846168423e-05,6.479401329138247e-05,0.00011014805953331182,0.00017257036189464564,0.0002491741344343973,0.00033157905998023836,0.00040664798337736554,0.00045961854022723053,0.00047876659908488304,0.00045961854022723053,0.00040664798337736554,0.00033157905998023836,0.0002491741344343973,0.00017257036189464564,0.00011014805953331182,6.479401329138247e-05,3.512693846168423e-05,1.7550646075129756e-05,8.08152472686297e-06,3.7212898961849027e-06,8.08152472686297e-06,1.617485877966439e-05,2.983562077005327e-05,5.0719743474050574e-05,7.94632653866538e-05,0.0001147369116843963,0.00015268180787586557,0.0001872487040491382,0.00021163999216157426,0.000220457075616344,0.00021163999216157426,0.0001872487040491382,0.00015268180787586557,0.0001147369116843963,7.94632653866538e-05,5.0719743474050574e-05,2.983562077005327e-05,1.617485877966439e-05,8.08152472686297e-06,3.7212898961849027e-06);
